preseed:1464891887
In: 78596 Out: 21404
Pi: 3.14384
Time: 0.000911279 s
