preseed:1527986817
In: 78584 Out: 21416
Pi: 3.14336
Time: 0.000850604 s
