preseed:68457749
In: 785397825 Out: 214602175
Pi: 3.14159
Time: 6.89763 s
