In: 78538 Out: 21462
Pi: 3.14152
Time: 0.00216931 s
