In: 78524 Out: 21476
Pi: 3.14096
Time: 0.000867112 s
