In: 78667 Out: 21333
Pi: 3.14668
Time: 0.0244274 s
