In: 78538 Out: 21462
Pi: 3.14152
Time: 0.0116891 s
