In: 78524 Out: 21476
Pi: 3.14096
Time: 0.000904408 s
