preseed:1862880188
In: 78397 Out: 21603
Pi: 3.13588
Time: 0.000871184 s
